c0 y 47 5000 300 0.8 3.0 0.2 20 WTGT=0.5 STGT=34,39,41,46 TGT=41,34,99,46,99,99,99,39,99,99,99,99,99,99,99
c1 x 47 6000 301 0.8 3.0 0.25 18 WTGT=0.2 STGT=35,43,43,43 TGT=43,35,99,43,99,99,99,43,99,99,99,43,99,99,99
c2 y 47 6000 302 0.5 1.5 0.25 22 WTGT=0.5 STGT=34,39,41,46 TGT=41,34,99,46,99,99,99,39,99,99,99,99,99,99,99
c3 x 46 5000 303 0.8 3.0 0.25 22 WTGT=0.5 STGT=35,43,43,43 TGT=43,35,99,43,99,99,99,43,99,99,99,43,99,99,99
c4 y 47 6000 304 0.35 1.5 0.15 18 WTGT=0.2 STGT=34,39,41,46 TGT=41,34,99,46,99,99,99,39,99,99,99,99,99,99,99
c5 x 46 6000 305 0.6 2.2 0.25 18 WTGT=0.5 STGT=35,43,43,43 TGT=43,35,99,43,99,99,99,43,99,99,99,43,99,99,99
c6 y 48 6000 306 0.8 1.5 0.25 18 WTGT=0.3 STGT=34,39,41,46 TGT=41,34,99,46,99,99,99,39,99,99,99,99,99,99,99
c7 x 47 5000 307 0.35 3.0 0.2 20 WTGT=0.2 STGT=35,43,43,43 TGT=43,35,99,43,99,99,99,43,99,99,99,43,99,99,99
c8 y 48 6000 308 0.35 3.0 0.15 20 WTGT=0.2 STGT=34,39,41,46 TGT=41,34,99,46,99,99,99,39,99,99,99,99,99,99,99
c9 x 46 5000 309 0.35 1.5 0.25 18 WTGT=0.2 STGT=35,43,43,43 TGT=43,35,99,43,99,99,99,43,99,99,99,43,99,99,99
c10 y 47 5000 310 0.8 2.2 0.25 20 WTGT=0.3 STGT=34,39,41,46 TGT=41,34,99,46,99,99,99,39,99,99,99,99,99,99,99
c11 x 46 6000 311 0.6 2.2 0.15 20 WTGT=0.3 STGT=35,43,43,43 TGT=43,35,99,43,99,99,99,43,99,99,99,43,99,99,99
c12 y 47 5000 312 0.35 1.5 0.15 22 WTGT=0.2 STGT=34,39,41,46 TGT=41,34,99,46,99,99,99,39,99,99,99,99,99,99,99
c13 x 46 6000 313 0.8 2.2 0.15 22 WTGT=0.5 STGT=35,43,43,43 TGT=43,35,99,43,99,99,99,43,99,99,99,43,99,99,99
c14 y 48 5000 314 0.5 3.0 0.15 20 WTGT=0.5 STGT=34,39,41,46 TGT=41,34,99,46,99,99,99,39,99,99,99,99,99,99,99
c15 x 47 5000 315 0.8 2.2 0.15 18 WTGT=0.3 STGT=35,43,43,43 TGT=43,35,99,43,99,99,99,43,99,99,99,43,99,99,99
c16 y 47 5000 316 0.5 1.5 0.2 22 WTGT=0.5 STGT=34,39,41,46 TGT=41,34,99,46,99,99,99,39,99,99,99,99,99,99,99
c17 x 47 6000 317 0.5 1.5 0.2 20 WTGT=0.2 STGT=35,43,43,43 TGT=43,35,99,43,99,99,99,43,99,99,99,43,99,99,99
c18 y 47 5000 318 0.8 1.5 0.15 18 WTGT=0.2 STGT=34,39,41,46 TGT=41,34,99,46,99,99,99,39,99,99,99,99,99,99,99
c19 x 47 5000 319 0.6 2.2 0.25 20 WTGT=0.2 STGT=35,43,43,43 TGT=43,35,99,43,99,99,99,43,99,99,99,43,99,99,99
c20 y 47 5000 320 0.8 1.5 0.25 18 WTGT=0.3 STGT=34,39,41,46 TGT=41,34,99,46,99,99,99,39,99,99,99,99,99,99,99
c21 x 46 6000 321 0.5 1.5 0.25 22 WTGT=0.5 STGT=35,43,43,43 TGT=43,35,99,43,99,99,99,43,99,99,99,43,99,99,99
c22 y 47 5000 322 0.8 3.0 0.15 20 WTGT=0.2 STGT=34,39,41,46 TGT=41,34,99,46,99,99,99,39,99,99,99,99,99,99,99
c23 x 47 6000 323 0.35 3.0 0.2 18 WTGT=0.5 STGT=35,43,43,43 TGT=43,35,99,43,99,99,99,43,99,99,99,43,99,99,99
c24 y 47 5000 324 0.8 3.0 0.2 20 WTGT=0.5 STGT=34,39,41,46 TGT=41,34,99,46,99,99,99,39,99,99,99,99,99,99,99
c25 x 46 6000 325 0.5 1.5 0.2 22 WTGT=0.5 STGT=35,43,43,43 TGT=43,35,99,43,99,99,99,43,99,99,99,43,99,99,99
c26 y 48 6000 326 0.5 1.5 0.25 18 WTGT=0.2 STGT=34,39,41,46 TGT=41,34,99,46,99,99,99,39,99,99,99,99,99,99,99
c27 x 47 6000 327 0.8 1.5 0.15 18 WTGT=0.2 STGT=35,43,43,43 TGT=43,35,99,43,99,99,99,43,99,99,99,43,99,99,99
c28 y 48 5000 328 0.5 1.5 0.2 18 WTGT=0.3 STGT=34,39,41,46 TGT=41,34,99,46,99,99,99,39,99,99,99,99,99,99,99
c29 x 47 5000 329 0.35 1.5 0.2 20 WTGT=0.5 STGT=35,43,43,43 TGT=43,35,99,43,99,99,99,43,99,99,99,43,99,99,99
c30 y 47 6000 330 0.35 3.0 0.25 18 WTGT=0.3 STGT=34,39,41,46 TGT=41,34,99,46,99,99,99,39,99,99,99,99,99,99,99
c31 x 47 5000 331 0.6 1.5 0.15 18 WTGT=0.3 STGT=35,43,43,43 TGT=43,35,99,43,99,99,99,43,99,99,99,43,99,99,99
c32 y 48 5000 332 0.5 2.2 0.2 18 WTGT=0.5 STGT=34,39,41,46 TGT=41,34,99,46,99,99,99,39,99,99,99,99,99,99,99
c33 x 47 6000 333 0.8 1.5 0.2 22 WTGT=0.2 STGT=35,43,43,43 TGT=43,35,99,43,99,99,99,43,99,99,99,43,99,99,99
c34 y 47 6000 334 0.35 3.0 0.15 18 WTGT=0.2 STGT=34,39,41,46 TGT=41,34,99,46,99,99,99,39,99,99,99,99,99,99,99
c35 x 47 6000 335 0.8 3.0 0.2 20 WTGT=0.5 STGT=35,43,43,43 TGT=43,35,99,43,99,99,99,43,99,99,99,43,99,99,99
c36 y 47 6000 336 0.8 3.0 0.15 22 WTGT=0.5 STGT=34,39,41,46 TGT=41,34,99,46,99,99,99,39,99,99,99,99,99,99,99
c37 x 46 6000 337 0.35 2.2 0.15 18 WTGT=0.5 STGT=35,43,43,43 TGT=43,35,99,43,99,99,99,43,99,99,99,43,99,99,99
c38 y 47 5000 338 0.8 2.2 0.15 20 WTGT=0.3 STGT=34,39,41,46 TGT=41,34,99,46,99,99,99,39,99,99,99,99,99,99,99
c39 x 46 6000 339 0.5 2.2 0.25 20 WTGT=0.3 STGT=35,43,43,43 TGT=43,35,99,43,99,99,99,43,99,99,99,43,99,99,99
