89
64 0
66 0
67 0
68 0
69 0
70 0
72 0
73 0
76 0
77 0
78 0
79 0
80 0
81 0
82 0
84 0
86 0
87 0
90 0
91 0
92 0
93 0
94 0
95 0
96 0
97 0
98 0
100 0
101 0
102 0
103 0
106 0
107 0
108 0
109 0
112 0
114 0
115 0
116 0
117 0
119 0
120 0
121 0
126 0
127 0
128 1
130 1
131 1
140 1
142 1
143 1
144 1
145 1
158 1
159 1
160 1
161 1
162 1
163 1
196 1
197 1
198 1
199 1
228 1
230 1
231 1
232 1
234 1
235 1
244 1
245 1
246 1
248 1
250 1
251 1
256 2
260 2
276 2
280 2
284 2
288 2
293 2
304 2
312 2
317 2
356 2
357 2
380 2
381 2
0
0
128
2 3
5 0
4 1
6 5
2 8
3 7
6 0
5 2
3 6
4 8
1 7
4 2
1 5
3 0
1 6
4 7
3 8
6 4
1 0
3 5
1 2
3 7
5 8
1 4
2 3
6 8
5 0
0 6
1 7
0 4
1 3
2 5
0 2
5 8
1 6
4 5
0 3
0 7
1 2
4 6
3 8
5 0
2 6
1 4
1 7
5 8
2 3
3 4
1 5
0 6
1 0
6 2
3 7
3 5
6 4
0 3
1 2
6 8
1 4
6 0
1 5
4 6
0 7
3 2
0 2
1 3
5 7
1 7
5 6
2 4
6 3
4 0
4 5
3 1
6 2
6 8
3 0
7 0
6 4
3 1
5 2
7 4
3 5
0 6
5 7
0 6
1 2
5 4
3 6
2 1
6 0
8 3
5 7
0 1
6 8
4 7
5 2
4 6
0 2
7 3
7 8
5 1
2 4
0 7
4 3
2 6
6 1
5 0
3 8
5 2
1 7
6 8
7 0
1 5
6 4
2 6
7 4
5 7
0 2
6 1
2 5
1 0
2 6
0 7
2 7
0 5
1 2
0 6
