45 0
2 2 3 4 0
3 6 1 3 8 7 0
3 6 3 1 2 5 7
3 4 8 5 6 7 0
3 5 1 3 0 4 2
3 5 8 4 3 2 6
3 6 1 4 0 3 5
3 4 8 6 7 1 2
3 2 0 4 5 6 3
3 2 7 4 1 6 8
3 2 3 4 0 6 5
2 3 4 6 1
3 2 5 6 7 3 0
3 1 2 0 8 6 4
3 6 3 0 1 4 5
3 6 8 0 2 5 7
3 5 3 1 6 0 4
3 5 8 3 0 1 2
3 0 5 2 6 4 1
3 1 3 2 4 0 8
4 3 8 5 1 2 7 0 6
2 6 4 2 5
3 3 6 1 2 0 7
3 6 7 5 0 1 4
2 0 1 4 5
2 0 6 4 2
3 0 2 4 1 8 5
3 4 7 2 5 3 6
3 4 8 5 3 2 1
3 1 7 0 5 2 3
2 1 3 7 8
2 2 6 3 8
2 2 8 6 7
3 3 2 6 5 8 0
3 3 6 4 7 8 1
3 4 5 1 0 2 3
3 4 8 6 0 1 7
3 8 7 4 2 0 6
2 6 5 4 1
3 6 8 4 7 5 2
3 4 0 6 2 7 1
2 4 5 7 8
2 6 0 1 4
2 0 5 2 8
1 1 5
