46 0
2 1 5 2 3
3 6 5 1 7 2 8
3 6 1 5 2 3 4
3 3 6 0 7 4 8
3 4 5 3 1 0 2
3 3 7 0 6 1 4
2 0 5 3 2
3 0 1 3 8 4 6
3 6 5 3 4 0 7
3 6 1 5 3 0 2
2 6 7 0 4
3 3 6 0 5 1 2
3 2 4 0 3 5 1
2 0 6 1 7
3 2 5 1 3 0 4
3 6 2 0 7 1 8
3 0 3 1 6 5 4
3 2 4 0 5 1 7
4 2 0 4 1 5 6 3 8
3 6 3 2 8 5 7
3 2 6 1 4 3 0
4 3 4 0 8 1 7 2 5
3 0 2 5 1 8 6
3 4 0 3 5 1 6
3 3 2 5 7 4 8
3 7 3 8 1 2 4
3 0 7 2 5 6 8
3 2 0 3 1 8 4
4 7 1 2 3 6 4 8 5
3 2 7 3 5 8 0
2 4 5 1 6
3 8 4 6 3 7 0
3 8 3 4 5 6 7
3 8 7 4 6 0 1
4 8 0 2 3 4 1 7 5
2 1 5 2 6
3 2 4 0 7 5 3
3 2 0 1 3 4 6
2 7 1 5 2
2 7 0 5 3
3 2 3 5 1 7 6
2 1 2 7 5
3 1 0 5 3 6 7
2 7 6 0 2
2 2 6 0 5
0
