45 0
3 1 5 4 0 2 3
3 6 2 0 7 3 8
3 2 3 6 0 1 5
3 5 6 1 7 4 8
3 4 2 5 3 1 0
3 3 4 1 6 5 8
3 5 7 3 1 2 0
3 0 8 5 4 6 2
3 0 7 2 3 5 6
3 2 1 5 8 0 4
3 3 0 5 7 2 6
3 2 8 5 1 4 3
3 3 6 5 4 2 0
3 3 1 6 5 2 8
3 2 7 3 0 1 4
3 2 6 3 8 4 5
3 4 0 2 1 3 5
3 4 6 0 3 2 8
2 4 1 3 5
3 4 7 5 6 2 0
2 5 1 2 3
3 2 6 1 4 0 5
3 2 7 6 3 0 8
3 3 1 4 2 6 5
2 4 3 5 0
3 8 4 5 2 6 1
3 1 3 2 6 0 8
3 6 7 8 4 2 0
3 8 6 1 5 2 3
4 6 0 4 7 8 1 3 5
2 2 8 1 3
4 8 7 5 0 4 6 3 1
3 0 7 2 6 8 5
2 7 1 0 3
4 7 4 3 5 2 0 8 6
2 8 3 6 1
3 6 5 3 8 7 4
3 4 1 6 0 8 7
2 8 5 6 3
3 6 1 8 7 3 0
3 6 7 3 5 8 0
2 8 1 4 5
3 4 7 5 3 0 6
2 7 1 8 6
0
