48 0
1 0 1
3 7 1 2 8 6 3
3 3 2 4 7 5 6
3 0 1 2 5 4 8
3 0 6 1 7 4 3
3 0 8 2 4 7 5
4 5 0 4 1 6 2 7 3
3 0 1 2 8 7 6
3 0 3 2 5 7 4
3 2 6 3 8 5 7
2 2 0 3 4
3 2 1 3 6 5 7
4 0 3 2 8 7 4 6 5
3 5 0 7 1 4 2
3 0 6 7 3 5 8
2 7 2 5 4
4 0 8 7 1 2 5 6 3
3 7 0 6 4 5 8
2 6 2 7 3
4 2 0 6 1 7 4 5 8
3 0 3 4 6 7 5
4 0 1 6 2 3 7 4 8
2 4 0 2 5
3 8 1 2 3 7 6
4 2 0 5 1 6 4 7 8
3 8 1 2 7 6 3
4 2 0 3 4 6 5 7 8
2 4 0 1 6
3 0 5 1 2 7 3
4 0 7 1 4 2 3 6 5
2 7 1 2 6
4 0 2 6 1 3 4 7 5
4 8 0 1 3 2 4 7 6
3 1 8 2 7 4 5
4 6 0 2 5 4 3 7 8
2 5 1 8 6
3 8 0 1 7 4 3
3 4 1 2 3 8 6
3 0 7 6 2 4 5
4 0 1 2 3 4 6 5 8
3 1 3 7 4 8 5
3 1 7 4 2 3 6
2 2 6 3 4
1 2 1
2 1 3 6 4
1 3 6
1 3 2
0
