48 0
1 3 4
3 6 3 8 4 5 7
3 0 6 3 2 5 8
3 3 0 1 7 5 4
3 1 6 5 2 4 8
3 8 0 3 1 5 7
4 0 6 1 5 2 4 8 3
3 8 2 3 4 6 7
3 3 0 8 1 6 5
3 0 7 6 2 8 4
3 0 1 6 3 8 5
3 0 2 3 8 6 7
3 0 4 8 1 5 6
3 0 5 1 4 2 3
4 0 8 1 2 3 6 5 7
3 0 4 5 1 2 7
2 0 6 3 8
3 0 1 8 2 3 5
3 1 2 3 4 5 6
3 0 8 2 3 6 7
3 0 5 6 1 3 4
3 3 0 2 4 6 8
3 0 5 1 7 6 2
4 8 1 2 7 6 3 5 4
3 0 6 3 1 5 8
3 1 0 2 5 6 7
3 8 0 1 2 7 3
3 0 7 2 6 8 5
3 5 1 7 2 6 8
3 1 0 8 2 5 7
3 3 0 1 6 8 5
2 5 2 3 8
4 3 0 1 8 4 7 6 5
3 1 2 4 3 8 5
3 1 4 6 3 8 7
2 0 5 2 3
3 2 0 4 7 6 8
3 2 6 7 3 5 4
3 0 8 3 4 7 5
3 6 0 2 7 8 4
4 5 0 3 1 4 2 8 6
4 0 2 1 3 8 5 6 7
2 3 4 5 7
3 8 0 4 2 7 6
2 0 5 7 4
0
1 0 7
0
