46 0
2 1 5 2 3
3 1 7 6 5 2 8
3 6 1 5 2 3 4
3 0 7 3 6 4 8
3 3 1 4 5 0 2
3 0 6 3 7 1 4
2 3 2 0 5
3 0 1 3 8 4 6
3 6 2 3 5 0 7
2 6 1 3 4
3 3 2 6 7 0 5
3 3 1 5 6 0 4
3 6 3 0 7 1 2
2 2 5 6 4
3 4 7 0 1 2 8
3 2 3 5 4 0 6
3 2 1 0 5 6 8
3 4 8 0 3 1 7
3 2 6 0 4 7 5
4 3 7 2 8 6 0 4 1
3 6 1 2 3 0 5
2 1 2 5 7
3 7 6 4 3 0 8
3 3 2 6 0 4 5
4 2 8 1 3 6 4 0 7
2 6 1 5 7
3 6 3 1 0 4 2
3 2 7 0 4 5 6
2 8 0 1 3
3 3 8 4 1 5 7
3 6 1 2 3 0 5
4 4 0 6 3 8 5 7 2
3 4 5 8 6 0 1
2 8 1 4 3
3 7 5 2 0 4 8
3 0 6 7 1 2 3
3 2 8 6 5 3 7
3 5 7 2 1 8 0
2 2 6 5 3
2 7 2 3 1
2 1 7 5 6
1 5 2
2 6 3 0 7
3 3 2 7 6 5 0
2 0 5 2 7
0
