45 0
3 3 4 1 0 2 5
3 4 7 6 2 3 8
2 2 3 6 0
3 1 6 4 8 5 7
3 5 2 1 3 4 0
3 5 8 1 7 4 6
3 4 3 5 0 2 1
3 5 6 4 8 3 2
3 2 1 4 0 5 7
3 4 6 2 8 5 3
3 2 0 5 1 4 7
3 2 6 4 3 0 5
3 2 1 4 8 3 7
3 3 2 5 7 6 0
3 4 6 0 5 1 8
3 4 1 0 3 2 8
3 4 5 0 7 2 6
3 0 2 6 8 4 3
3 6 5 0 1 4 7
3 5 0 4 8 6 2
3 6 7 0 4 1 3
4 3 2 0 6 1 8 7 5
3 0 5 4 3 2 1
3 1 6 4 8 2 7
3 3 1 7 5 6 4
3 4 0 1 2 7 3
4 2 3 4 5 0 7 6 8
2 2 6 8 1
4 7 2 0 8 4 1 6 5
3 5 3 4 7 6 0
3 2 5 4 0 1 8
4 3 0 2 4 5 7 6 1
3 6 2 0 8 5 1
3 0 1 2 7 8 4
2 7 5 8 3
3 5 0 2 4 3 1
3 8 5 0 2 3 7
2 5 3 2 7
2 4 2 7 0
3 0 8 7 5 4 3
2 0 2 4 5
2 0 4 7 8
2 4 5 2 7
2 8 5 4 2
0
